000186
000163
000072
000056
000071
000050
000018
000041
000029
000198
000086
000135
000112
000175
000188
000096
000130
000128
000031
000027
000095
000074
000089
000026
000022
000165
000040
000122
000117
000194
000116
000069
000145
000150
000193
000035
000176
000062
000118
000097
000164
000161
000063
000002
000091
000113
000126
000103
000121
000115
000155
000141
000013
000007
000190
000119
000061
000192
000199
000181
000036
000010
000034
000060
000148
000153
000149
000133
000104
000174
000058
000076
000087
000178
000196
000043
000024
000080
000009
000108
000147
000173
000195
000092
000143
000011
000187
000102
000144
000110
000025
000016
000093
000094
000179
000167
000012
000125
000184
000059
000055
000079
000142
000185
000067
000124
000052
000019
000084
000068
000075
000106
000172
000182
000001
000051
000077
000078
000048
000033
000131
000006
000090
000152
000170
000028
000032
000134
000014
000046
000005
000168
000082
000042
000171
000020
000139
000158
000137
000159
000162
000049
000100
000021
000045
000047
000088
000197
000183
000138
000151
000101
000114
000127
000123
000015
000008
000044
000191
000140
000099
000073
000180
000160
000129
000177
000136
000037
000146
000054
